    0.560152E-02    0.301296E-02    0.682754E-01
    0.397212E-01   -0.262767E-02    0.494870E-01
    0.251757E+00   -0.317526E-02    0.529543E-01
    0.241144E+01   -0.133095E-01    0.792830E-01
    0	0.0583408
    1.524	0.0583408
    2.743	0.0583408
    7.315	0.0583408
    10.668	0.0583408
    15.24	0.0389387
    20.726	0.0389387
    27.431	0.0389387
    35.051	0.0389387
    50.051      0.0389387
    65.051      0.0389387
    80.051      0.0389387
    95.051      0.0389387
    110.051      0.0389387
    125.051      0.0389387
    140.051      0.0389387
