    0.560152E-02    0.301296E-02    0.682754E-01
    0.397212E-01   -0.262767E-02    0.494870E-01
    0.251757E+00   -0.317526E-02    0.529543E-01
    0.241144E+01   -0.133095E-01    0.792830E-01
	0      	0.0583408
	1.524	0.0583408
	3.657	0.0583408
	6.095	0.0583408
	8.838	0.0583408
        23.838  0.0389387
        38.838  0.0389387
        53.838  0.0389387
        68.838  0.0389387
        83.838  0.0389387
        98.838  0.0389387
        113.838  0.0389387
        128.838  0.0389387
        143.838  0.0389387	
