    0.560152E-02    0.301296E-02    0.682754E-01
    0.397212E-01   -0.262767E-02    0.494870E-01
    0.251757E+00   -0.317526E-02    0.529543E-01
    0.241144E+01   -0.133095E-01    0.792830E-01
	0	0.0583408
	2.032	0.0583408
	4.064	0.0583408
	6.096	0.0583408
	7.62	0.0583408
	9.144	0.0583408
	11.24	0.0583408
	13.335	0.0583408
	15.431	0.0389387
	17.526	0.0389387
	19.622	0.0389387
	21.717	0.0389387
	24.13	0.0389387
	26.542	0.0389387
	28.955	0.0389387
	31.367	0.0389387
	33.78	0.0389387
	36.192	0.0389387
	38.807	0.0389387
	41.422	0.0389387
	44.037	0.0389387
	46.652	0.0389387
	49.267	0.0389387
	51.882	0.0389387
	54.74	0.0389387
	57.597	0.0389387
	60.455	0.0389387
	63.312	0.0389387
	66.17	0.0389387
	69.027	0.0389387
	72.075	0.0389387
	75.123	0.0389387
	78.171	0.0389387
	81.219	0.0389387
	84.267	0.0389387
	87.315	0.0389387
	90.545	0.0389387
	93.775	0.0389387
	97.28	0.0389387
	100.785	0.0389387
	106.17	0.0389387
	121.17  0.0389387
	136.17  0.0389387
