   30    26400.0    22600.0    122.000
bald
    52785.9922    32542.8516        0.0000      122.0000      212.0000
cnpk
    22037.5898    25192.9844        0.0000      122.0000      212.0000
ecc
    39985.5508     7802.8633        0.0000      122.0000      212.0000
grif
    51202.6641    19246.3770        0.0000      122.0000      212.0000
hsbf
    49728.0547    23843.0898        0.0000      122.0000      212.0000
jeng
    24363.0918    10646.6025        0.0000      122.0000      212.0000
kagc
    35228.2773     6985.5557        0.0000      122.0000      212.0000
lawl
    45043.9688    23504.7832        0.0000      122.0000      212.0000
newh
    17292.0664     5245.2246        0.0000      122.0000      212.0000
nhcc
    37881.2305    17641.9258        0.0000      122.0000      212.0000
nord
    33294.9297    15011.6582        0.0000      122.0000      212.0000
nwhp
     9872.9395     9355.1250        0.0000      122.0000      212.0000
pacd
    30874.5195     3686.5078        0.0000      122.0000      212.0000
pard
    10409.6025     3259.9023        0.0000      122.0000      212.0000
rrs
    27517.7246    12733.5381        0.0000      122.0000      212.0000
rse
    43009.2734    16786.2617        0.0000      122.0000      212.0000
sati
    28786.4199    21370.1504        0.0000      122.0000      212.0000
scrs
    39783.2812    27981.1660        0.0000      122.0000      212.0000
smch
    42559.7109    38687.6680        0.0000      122.0000      212.0000
spva
    29715.3926    15549.6641        0.0000      122.0000      212.0000
ssus
    12154.2637    28868.0352        0.0000      122.0000      212.0000
svsc
    13894.8379    23466.5430        0.0000      122.0000      212.0000
sylm
    27599.7500     6786.4277        0.0000      122.0000      212.0000
tmpl
    58834.9062    22187.1152        0.0000      122.0000      212.0000
tpfs
    29719.3555    37153.0469        0.0000      122.0000      212.0000
uclg
    43197.0000    30821.5234        0.0000      122.0000      212.0000
verm
    57696.1953    28018.0781        0.0000      122.0000      212.0000
vnuy
    31676.8438    17990.2324        0.0000      122.0000      212.0000
wads
    43552.8438    32957.2305        0.0000      122.0000      212.0000
wood
     3246.0488    33230.4414        0.0000      122.0000      212.0000
