    0.560152E-02    0.301296E-02    0.682754E-01
    0.397212E-01   -0.262767E-02    0.494870E-01
    0.251757E+00   -0.317526E-02    0.529543E-01
    0.241144E+01   -0.133095E-01    0.792830E-01
	0	0.0583408
	1.829	0.0583408
	3.81	0.0583408
	5.791	0.0583408
	9.144	0.0583408
	12.192	0.0583408
	15.24	0.0389387
	20.726	0.0389387
	25.146	0.0389387
	40.146  0.0389387
	55.146  0.0389387
	70.146  0.0389387
	85.146  0.0389387
	100.146  0.0389387
	115.146  0.0389387
	130.146  0.0389387
	145.146  0.0389387
