    0.560152E-02    0.301296E-02    0.682754E-01
    0.397212E-01   -0.262767E-02    0.494870E-01
    0.251757E+00   -0.317526E-02    0.529543E-01
    0.241144E+01   -0.133095E-01    0.792830E-01
	0	0.0583408
	1.253	0.0583408
	2.506	0.0583408
	3.759	0.0583408
	5.012	0.0583408
	6.265	0.0583408
	7.518	0.0583408
	8.771	0.0583408
	10.024	0.0583408
	11.277	0.0583408
	12.953	0.0583408
	14.629	0.0583408
	16.305	0.0389387
	17.982	0.0389387
	20.014	0.0389387
	22.046	0.0389387
	24.078	0.0389387
	26.11	0.0389387
	28.142	0.0389387
	30.173	0.0389387
	32.742	0.0389387
	35.311	0.0389387
	37.88	0.0389387
	40.449	0.0389387
	43.018	0.0389387
	45.587	0.0389387
	48.156	0.0389387
	50.724	0.0389387
	53.859	0.0389387
	56.994	0.0389387
	60.129	0.0389387
	63.264	0.0389387
	66.399	0.0389387
	69.534	0.0389387
	72.669	0.0389387
	76.53	0.0389387
	80.391	0.0389387
	84.252	0.0389387
	88.113	0.0389387
	91.974	0.0389387
	95.835	0.0389387
	99.696	0.0389387
	103.557	0.0389387
	107.415	0.0389387
	111.987	0.0389387
	116.559	0.0389387
	121.131	0.0389387
	125.703	0.0389387
	130.275	0.0389387
	134.847	0.0389387
	139.419	0.0292208
	143.991	0.0292208
	148.561	0.0292208
